00000001 80000000 80000000 80000000
00000000 00000000 80000000 80000000
00000000 00000000 80000000 80000000
00000000 00000000 80000000 80000000

00000000 80000000 00000000 80000000
00000000 00000000 80000000 80000000
80000000 00000000 00000000 80000000
80000000 80000000 00000000 00000000

00000000 80000000 80000000 00000000
80000000 00000000 00000000 80000000
00000000 80000000 00000000 80000000
80000000 80000000 80000000 00000003

00000000 80000000 00000000 80000000
80000000 00000000 80000000 00000000
80000000 80000000 00000009 80000000
80000000 80000000 00000000 00000000

00000000 80000000 80000000 00000000
80000000 00000000 00000000 80000000
80000000 80000000 0000000c 80000000
80000000 80000000 80000000 00000006

00000000 80000000 00000000 80000000
00000000 00000000 80000000 80000000
80000000 80000000 0000000d 80000000
80000000 80000000 00000000 00000000

00000000 00000000 80000000 80000000
80000000 00000000 00000000 80000000
80000000 80000000 00000000 00000000
80000000 00000000 80000000 00000000

00000000 80000000 00000000 80000000
80000000 00000000 80000000 00000000
80000000 80000000 00000000 80000000
80000000 80000000 80000000 00000009

00000000 80000000 80000000 00000000
80000000 00000000 00000000 80000000
80000000 80000000 00000000 00000000
00000000 80000000 80000000 00000000

00000000 80000000 80000000 80000000
80000000 00000000 80000000 00000000
80000000 80000000 00000000 80000000
00000000 80000000 80000000 00000000

