80000000 00000001 80000000 80000000
00000000 00000000 80000000 80000000
00000000 00000000 80000000 80000000
00000000 00000000 80000000 80000000

00000000 80000000 00000000 80000000
80000000 00000000 00000000 80000000
80000000 80000000 00000002 80000000
80000000 00000000 80000000 00000000

00000000 00000000 80000000 80000000
80000000 00000000 00000000 80000000
80000000 00000000 00000000 80000000
80000000 80000000 00000000 00000000

00000000 80000000 00000000 80000000
80000000 00000000 00000000 80000000
80000000 00000000 00000000 80000000
80000000 00000000 80000000 00000000

00000000 00000000 80000000 80000000
80000000 0000000d 80000000 80000000
80000000 80000000 00000005 80000000
80000000 80000000 00000000 00000000

00000000 80000000 00000000 80000000
80000000 00000000 00000000 80000000
80000000 00000000 00000000 80000000
80000000 00000000 80000000 00000000

00000000 00000000 80000000 80000000
80000000 0000000f 80000000 80000000
80000000 80000000 00000007 80000000
80000000 80000000 00000000 00000000

00000000 80000000 00000000 80000000
80000000 00000000 00000000 80000000
80000000 00000000 00000000 80000000
80000000 00000000 80000000 00000000

00000000 00000000 80000000 80000000
80000000 0000000f 80000000 80000000
80000000 80000000 00000009 80000000
80000000 80000000 00000000 00000000

00000000 80000000 00000000 80000000
80000000 00000000 00000000 80000000
80000000 00000000 00000000 80000000
80000000 00000000 80000000 00000000

