3 1 8 3
1 1 2 1
1 0 2 1
1 0 2 1

0 1 1 0
0 1 1 0
0 1 1 0
3 0 8 3

0 1 1 0
0 1 1 0
5 0 20 5
3 1 8 3

0 1 1 0
0 1 1 0
6 0 40 6
5 0 20 5

0 1 1 0
0 1 1 0
0 1 1 0
3 1 8 3

0 1 1 0
0 1 1 0
8 0 100 8
5 0 20 5

0 1 1 0
0 1 1 0
0 1 1 0
5 1 20 5

0 1 1 0
0 1 1 0
9 0 200 9
7 0 80 7

0 1 1 0
0 1 1 0
0 1 1 0
5 1 20 5

0 1 1 0
0 1 1 0
A 0 400 A
7 0 80 7

2 1 4 2
3 1 8 3
2 0 4 2
2 0 4 2

0 1 1 0
1 0 2 1
7 1 80 7
3 0 8 3

0 1 1 0
0 1 1 0
8 1 100 8
0 1 1 0

0 1 1 0
0 1 1 0
0 1 1 0
6 0 40 6

0 1 1 0
0 1 1 0
0 1 1 0
0 1 1 0

0 1 1 0
A 0 400 A
0 1 1 0
7 0 80 7

0 1 1 0
0 1 1 0
0 1 1 0
8 0 100 8

0 1 1 0
0 1 1 0
0 1 1 0
0 1 1 0

0 1 1 0
0 1 1 0
0 1 1 0
A 1 400 A

0 1 1 0
0 1 1 0
0 1 1 0
C 0 1000 C
