3 1 8 3
1 1 2 1
1 0 2 1
1 0 2 1

0 1 1 0
0 1 1 0
0 1 1 0
3 0 8 3

0 1 1 0
0 1 1 0
5 0 32 5
3 1 8 3

0 1 1 0
0 1 1 0
6 0 64 6
5 0 32 5

0 1 1 0
0 1 1 0
0 1 1 0
3 1 8 3

0 1 1 0
0 1 1 0
8 0 256 8
5 0 32 5

0 1 1 0
0 1 1 0
0 1 1 0
5 1 32 5

0 1 1 0
0 1 1 0
9 0 512 9
7 0 128 7

0 1 1 0
0 1 1 0
0 1 1 0
5 1 32 5

0 1 1 0
0 1 1 0
10 0 1024 10
7 0 128 7

2 1 4 2
3 1 8 3
2 0 4 2
2 0 4 2

0 1 1 0
1 0 2 1 
7 1 128 7
3 0 8 3

0 1 1 0
0 1 1 0
8 1 256 8
0 1 1 0

0 1 1 0
0 1 1 0
0 1 1 0
6 0 64 6

0 1 1 0
0 1 1 0
0 1 1 0
0 1 1 0

0 1 1 0
10 0 1024 10
0 1 1 0
7 0 128 7

0 1 1 0
0 1 1 0
0 1 1 0
8 0 256 8

0 1 1 0
0 1 1 0
0 1 1 0
0 1 1 0

0 1 1 0
0 1 1 0
0 1 1 0
10 1 1024 10

0 1 1 0
0 1 1 0
0 1 1 0
12 0 4096 12
